3.1976341990246611 1.2926116177379781 2.2458164577511002
2.7653741775243494 -2.3727571815396074 -0.73118231189419469
0.31227909113190322 -1.1153253836305326 3.6342464826917036
-0.071518591315603952 0.74108536404055902 1.4374678768093598
-2.1175453347395083 -0.96677249972000689 -1.4889371338424393
4.4187038842871607 -0.17174452312103594 2.4913686031208484
1.0475815010206182 -0.27326107404143474 2.9554676178572734
1.4667278190968092 0.66896423080189027 2.4246912871239821
-1.7966545328771373 2.9329629858273996 0.74908066315677824
1.0443920978282817 -0.44551739449936534 4.0353175069248186
2.0892455177922731 1.2177223339675354 3.0539694678931433
-0.83891685304000152 1.4424313584673314 1.4144604988088965
-0.74781937783265362 3.5690420811815664 3.1486837454616601
1.0609301125439161 1.3600793294912352 3.3266718469311964
2.2386939243741697 1.7513051079334547 4.0041962514695459
-1.2700762545052686 -1.7073976456093845 -1.3824771098066404
2.9220632879224033 0.7994025985799782 1.3236581821064999
-1.6454123589866931 -0.43445406704795353 1.4517859041817258
0.22096738307184804 -1.0906035163479693 0.019514565563807262
1.9491530910209705 0.55340710755333122 -0.28585242479875483
2.8267963670103216 -2.1360958257463856 2.2814425973796109
-0.74640701217525685 1.9625295620059031 -2.0115940646780843
-1.1608388681928241 1.3259443201105654 -1.1294315173921241
-1.7986412231149989 0.87959461703779374 2.4946910516695184
1.6013971042155961 0.39747910862908686 3.5641225973590136
-2.0076332758784137 0.6269722317676143 -1.1537310589604752
0.43712871878101822 -0.93430453817370318 -1.1721825210878376
-1.064997474428425 0.51371148144213585 3.2189067798830062
-1.1187539226375016 0.3643755094395843 4.2713208179773074
-0.32676467883809801 -1.914125865852748 0.59377670338235156
3.2961872355646169 -2.885206762731193 -2.1271837504836406
-1.6770222466611915 3.8549351553844025 1.4820882757120892
3.5239562766988008 0.21060146241686559 1.973725445926404
2.3300898244758281 2.6468721027152382 -0.28920705530438817
-0.45387986387566948 1.6015339128693902 2.3795677123071703
1.7252420304610521 -1.0354951770183611 1.2531247070812472
0.82043032896699475 2.3963978321749249 0.91773214241217715
0.16773016610525532 3.0951023943026947 2.8393327887744624
-2.1766080993698469 2.2895344797942001 3.2978888847642636
1.8031106555447469 -2.1883573715080527 3.7158540268258933
2.5759465941769224 -1.7742062738563451 1.164347652349742
2.8492388233505501 2.2025918143746139 1.8004918432761976
-0.26410472465452806 1.9090080987453459 -1.0848152612880018
1.7717951094243336 -0.23684077275721593 0.34420345270369657
1.9566955739814142 0.77297637591621382 0.79786836833640795
-2.1392141587965119 0.37217545254693363 0.9262375031656106
-1.9559581428694992 1.9636290361872282 2.3014753599273901
-1.3660433253191728 -2.1151821723468811 0.43872244880484745
-0.70559575165287658 2.5108404436254568 3.0639430337542217
-2.32610688614362 -2.6357237247432868 -0.13272924518595253
1.7058982158405005 1.8219091999276855 0.91306272040203262
0.63030431824140121 -1.6274220780404667 1.1127132357467926
3.5138610676452662 -2.1645056414447388 0.79817484079600476
-2.9379011993386333 -0.98114769667864743 -2.1890124305631082
1.5514072515338706 -3.0556928930105967 -1.0796165360445853
-2.5829459545448481 -1.4112958040554973 1.6983853051161399
0.81781301478194468 0.53671380224277465 -0.47877860780424619
1.6234065547054124 -2.0129671812757972 0.75407967291585476
-2.8713337410422475 -2.9996790469485237 2.8083909738656772
1.1919836625229636 2.6599206003703291 3.062942354919004
0.11633217749753194 -0.37195937933484857 1.250627952462666
0.057167656047987236 -3.2997911607040722 3.8422101040703338
-0.27556861012767109 0.95343926749313768 -1.5602806341196214
2.1546314795555985 -1.5431932691524664 -0.22056050866869903
-1.3236563134988293 2.4109123084030384 -1.2694495584272163
-0.57332018581216504 -1.0856235591150953 -0.73702040549962056
-0.80101787208520125 -1.0406132454359824 0.30376986532471095
-1.7490020478635775 -2.6632308180388451 4.3635210511059253
-1.6775054649627132 1.293077834371906 -0.17113556904666738
-1.7555404548617388 3.2461195918801815 3.3101256714984544
0.55076956105452446 0.54483559105006607 3.8506691934637414
-1.6128658998226026 -1.426216493902881 -0.32598831286811425
-0.40487337320999317 0.031201094950721819 0.40150455756140935
2.3470193350268547 1.5192567984029535 0.033637062648123606
-2.761741358833147 -0.26194987748690579 -0.83077951138992945
-1.6250377716737159 2.5119137017047777 -0.25801378173681377
2.1035014818156617 -1.3501283279623213 2.1747008964872983
-0.83265978990198675 3.2708327029046855 1.2712761163631492
2.1355255257967451 1.3810716629783875 1.8001276955034347
2.3371425794807514 2.221665971777333 2.7331512315161883
-0.31023943143726695 -2.1016739996197575 -0.41601492837417831
-2.1148971742334997 -2.2691544992484314 2.4144010899631527
2.2112958348708962 -0.52025871730404349 3.1857184442686877
3.2244841603235121 2.0676075786138233 -1.8052162578900877
-0.34958940499684321 2.5850117614203443 1.9786449133930257
-1.4197607553948977 1.8900551119110389 0.62658719141016284
2.5306470321223031 0.46059728806780925 2.3179627644662801
1.4937410924605181 0.21942008513986233 -1.2339624422505286
-0.8142693762332911 0.61054176135579885 2.1912834240320631
0.32378600954953279 2.8992553848525953 -0.12131616248060428
1.8767287612952641 -2.0325085376969962 -1.1947756441026787
1.2865449345590294 1.339991058531588 0.05609882652934528
-0.0024860554590745987 -0.15223658726270239 -0.54203719641152426
0.15656580372206771 -2.2121800027390983 3.6902633363425488
-1.4596769909941438 -0.2605999958588251 0.38792729290553551
0.072756399952896789 -1.7309612006427546 2.7636642221148686
-3.2116993911670946 0.43042339443057498 3.3684776427958201
3.7023094009391686 -1.9424721088112831 -1.0080980179784542
1.237178763869758 -1.1394350514055205 0.32949872891668852
-1.5469209182898433 -1.7021917313162613 3.0853373549997372
0.7164152424667265 1.5718250936391558 -0.82205179268220774
2.5416703966626688 -0.90384359813955895 0.54991853183850214
3.0321196801679275 0.85111780190069897 -0.57587952411199117
-0.40453899457695008 2.2796333922657022 0.89071414724157172
-2.6413190849359012 1.2199343223325876 0.42399533246454246
-0.088232667373865759 -0.10487687021156378 -1.5846930397621701
-2.2015874339455688 -1.8288034128072868 3.8746298517644053
-0.73609508259964374 -2.9434267629948088 0.1925564341394681
0.59824695293524455 0.16984303581006738 2.043844293027254
0.50351142866985654 1.1508214871072897 2.4172483021263487
1.109502030550952 1.0211440389904645 1.4590827721303654
1.1576648245943879 -1.5088313740418988 -0.64027959248954147
-0.0038647088895697457 0.34530802731374399 2.9184381992340387
-1.33728317026094 2.3638081888540095 1.5419846859447177
-0.95098620416842672 -1.302801959413125 1.3029282795322432
3.4798725846202814 -0.26958786423590564 2.9902586830235522
1.1013492649146079 -0.46755869088399382 -0.50114097484356424
0.67751353484814736 -0.17678288567525657 0.39888110680124089
2.3635794063754152 -0.079858328116260813 -1.7475003927162645
-0.54752443531049688 -0.41974681739788144 3.5300929521997135
1.3791120043205298 1.7935379270315595 2.4376779960910588
0.14969090276273953 3.1994936493752393 0.881937465106439
2.4782592108687678 -1.638598413097665 3.1555680365315868
1.0790132330070517 -1.8345518803581391 2.1042538275932645
-0.14608009511541942 0.99266784750029702 -0.50481143635137471
3.2268868738785073 -1.6122496580293366 -0.069781501525087331
1.0463553128545064 -2.646552084211212 1.3766169400948451
2.5785549673773174 -2.4445024364653913 0.31275731696733444
1.0050472394426717 -1.654409921592896 4.2453347757904689
0.55387785755767294 2.5651175717965451 -1.1616661246480091
2.0971587546406898 -0.58443403224297019 -0.78779383707573425
-0.1236891356064117 -1.7998096291804027 -1.3931621142538098
2.8569493582925198 -1.2713547646679293 -1.0781886899902875
0.28889816125882828 1.7470801691265789 1.5602069061738071
1.7965017160462193 2.5589168405989602 1.7966439816361621
2.7624563063939829 -2.0328239685803484 -1.8185584856719998
-2.8446312144359811 1.0058550152979371 -1.7271397671089526
-1.6614969646853615 -0.43359435808377589 -0.67162541100248596
2.105582443974829 2.7514736238174211 3.6541075718033071
1.9960712450373286 -1.131897481311755 -1.829599031030313
2.7721532394306392 1.8550615188133106 -0.89188799813969988
0.38930159991660362 1.6837749123446588 4.0892654489144213
2.8407017119177209 -0.59485503542061857 2.2217753625970755
-1.25261583092352 1.5952430113414373 3.0805305141145465
1.2721266125576216 2.4177562795995442 -0.076984732832336977
2.2231172242209283 0.98711313392362943 -1.2107711918434196
3.4162188644409772 -0.037198731452642242 4.1114006326472214
3.7131265090870911 2.8792473310681874 1.7647635769052457
1.7999363550426806 -3.0677792966239195 0.74994368197318895
0.29727897778659496 1.8492012186068474 0.14747633973968488
2.3775743052665073 -0.11633010898435625 1.3091500041109931
-1.8617432347586709 -1.2376110070580446 0.77632792461716837
1.7237046230315607 1.8873244863994276 -0.90886659822732296
-0.43836507873681019 -3.0523086718268782 -0.87030048263807336
3.0511654525892675 1.5069012966738224 3.2846316176289481
1.9432440533516502 -2.3533065993285569 1.7752628194474966
-0.69834552386132409 -1.4907917354646507 3.7102570339894982
-1.3423811726850168 -2.4773756010374628 -0.62028975712978318
-0.71479483473456318 -2.6213110490012927 4.1929179258783975
3.3663791356451975 2.2001177793105597 -0.059759000684874053
2.6515886803400921 2.3010395171925442 0.71152552307235828
-1.0723377490191999 -0.67905578409571588 -1.5480667861196884
-2.0959649957013564 0.68775125152306238 3.4996357278330992
1.5813984153437126 -2.4941354353068719 -0.19212790186592099
1.3338424814039007 -0.035246546120889732 1.2769545287640691
-1.6526713235997543 -1.2532268202360697 2.1234868356338783
4.0939244489908209 1.2094500697684682 1.4917783950486601
2.7862736169353108 -2.811805352407331 1.311387010839276
-1.0555420414520538 0.40630400841082287 1.1453731685130639
0.1146250952646713 -0.64623788285099382 2.6642870040929019
0.73199974475658014 2.578692746656202 2.0634878614060321
-0.71414175605949137 1.9914053814497812 -0.16323419789128613
-1.0759781357832858 0.44059974294277515 -0.46368424860328616
0.97145995672177055 3.2280487673193834 -1.9216699275111324
3.5498992051886828 -3.2145871170645015 -1.0237052443597916
-2.447510917227333 -0.63279986205941552 0.13334284513747097
-1.6354137693413322 -0.35100848091619008 3.6022057595628194
1.2860916854807005 2.2163624891514928 -1.9008725043884303
-0.72668676775320384 1.07360959479828 0.38218809069407711
-0.83608176212974161 4.0215655620483117 2.1832459171266532
0.6782056682444948 3.5860011419565536 -0.90408119734131498
-0.68990782939564044 -0.39777736669573704 1.8879587380188139
1.3089021299745549 1.1702820300920638 -1.6583878578511757
-1.7940223892740947 1.5855132077699781 -1.9735742709660515
-2.6513488218445689 -0.51690345084817946 1.1829293186139949
1.3667015921166283 -1.2624797848659246 3.2281208065705562
-2.1624363074174138 1.7198641042351486 -0.9826853282297261
-2.5332777058523992 -1.3444173482529913 2.8014040478905624
0.65345175517412857 -2.07935124395912 0.15103374141648795
-2.1516936320872797 0.35111540253377371 -0.13074370999453255
-0.85447618927529478 -1.0173083356190269 2.7398416327055068
0.90809027492276195 -0.82493171550211031 1.9282942056359795
-2.363892640756462 2.0556989869878319 1.07308799888079
-0.25504919891120703 1.2355193692487554 3.3722969307728627
1.8017322125762143 -0.31625562846503708 2.1899680752985518
1.0018373995613581 -2.2719912002213367 3.0449437013785761
-1.2634569084758709 3.0661191071474665 2.319044068506761
0.38461885395179507 0.8433601432938469 0.45384006377823283
2.0173371956935719 3.2691999759604129 2.7571764612035095
2.8202506648753869 0.19164213793617324 0.32824661900718155
2.5462987335179981 2.7941932905215192 -1.3839754768960297
0.16465732925100321 -2.4037120633805946 1.9075888031929358
-0.04947752424908608 -1.2724226827161302 1.8222361219790155
0.31834087503402086 2.0541918465200757 2.9754546417956198
1.2413120908450574 0.49923193924596843 0.33869145095896713
-2.7213161557238079 -1.3217138586353347 0.7938456889682407
1.7088769272155639 1.983477093623732 3.3133932027400164
1.3571723655434582 -0.89298316131333966 -1.2465648290575038
1.167889497333735 1.9279638668879884 1.6030944298781304
1.265743183148659 3.2582620122212274 2.2754283405643831
2.5877834744401111 -2.5174772056292145 3.4071504584775814
-0.83272671884443383 -0.46246885446383867 1.0098876039079945
-2.5453679206609143 -2.2230466546583925 3.1686474543069711
-1.3254837665496315 -2.1316237130497284 3.8062387257929631
-0.26968991216210669 -0.96757092966898695 4.28211684455274
0.83699325463044261 1.5269544511501469 0.79709614764932712
2.5344351535836145 -3.007511888503557 2.1286504976367606
0.67495599198907874 -0.078073464883986143 -1.1672061112854735
2.773589125355806 -0.85380074698160313 -0.29244066227031684
-0.35319677842059571 0.4193160533094587 3.7300929161840291
-1.0214767508398865 1.1389404145220108 3.8655664609150495
-0.70230671195764094 -0.13467112679555737 2.7182485626686157
-2.5625736932668555 3.6933581192232898 1.6505061218578265
-1.4722740634440659 0.61869746778240375 0.37486186510302033
-1.7833432264583706 -0.15790544692663577 -1.4977402318569739
-1.1948336702743962 2.7329710020838114 -2.1828751958861998
1.4434405187520725 1.05305530306509 -0.79565560583210071
0.32875480315232275 -0.24294136420531653 3.5074961389808434
2.250504635176128 0.88104376262294337 -2.071334901982858
-0.39429295897442485 -1.9670479450816538 1.433032593673621
-3.0989359477534286 2.3871202108288809 3.4412334173547299
-0.11562714029450882 1.4462517373879988 0.8587522853421149
3.2148303271893361 2.1077213320486941 2.6166219007462588
-2.2665794350363422 -0.63808760245359797 2.1037750218661673
0.1262085872593583 -2.6784820573515287 -1.5095115568811037
0.87966104753377805 -0.76731631605103368 1.0414835731794814
2.5245345522589768 1.4618977744367394 0.92748163096221159
-1.6163602862102104 0.38850605304466501 1.7933160401173569
-0.11413709594245502 -1.1333189810636646 0.90444194059225491
-0.84581461422145798 -0.38072773722724318 -0.27321188917015715
1.7319460982412826 4.077562839163666 2.7354311694505418
0.99520552242628713 3.1455960608389866 0.46123951038322553
-2.3470024355830525 -1.0585699848202732 -0.65131189470817485
-1.1099619184169418 2.1805623053324368 2.3683815496266467
0.60702773884316819 0.34793594174408349 1.1214855252699023
-2.106876131326608 1.4596911861654243 3.0495779699879839
-3.505042639057768 0.20728711706619798 -0.90918618936366236
2.5961082327636449 -0.96325255008602895 1.4697804321883767
0.83761543772867975 0.56972044587020498 3.0197413691308808
-1.5342923795357803 -1.2051208443813044 -2.1227686530016645
1.89699047167593 0.5345896330309039 1.6651449094674848
-2.0399937729500586 2.8036981362233275 2.6036450847443575
0.55658104198378522 0.84666983026895215 -1.2856891695446722
-2.6058050165077975 0.59996394636395234 2.7609568595727922
-1.79021701455367 -0.88324881079318929 2.9280219756970496
-2.0149574429209456 2.5006571955693517 4.1550366696036072
