2.4491440962492557 -2.9014364623061479 0.1554055993671094
2.6068846838271651 0.7229524750584837 0.2507443747816222
0.78027710950886942 -2.932872130090872 3.0498008320167012
4.3666521686953628 1.5074244381823307 -2.1336935930952543
2.8414555376569561 -0.30935058340580568 0.034345737523546721
2.1211741583856747 -0.1366492014361525 0.84257725355415891
2.5659928095903357 -0.74752458518483922 2.8442375938957634
1.8075808434601071 -1.4118121310256333 2.4437707762908984
2.1644796428584794 2.3048690596749459 0.84700806335639056
2.4089300974882275 -2.1545123629159662 0.92294467599771046
3.2901788899139883 1.5647283686124767 -0.24942704431607854
0.86523805015063715 -3.2503494588128565 -1.0416202566766364
3.4950865973469911 -1.4112522106563843 -3.0585245024872445
1.2936026238951843 0.95363322303420428 2.2161743974746355
1.1120923534295768 -0.25114349921481005 -0.77802527974212266
3.9209953476489554 1.2641364915442397 -1.1383972604269958
-0.49196902940156306 1.623147872593498 1.2429599942912517
1.371256715708959 -2.1317769834826614 -2.5297912743323079
2.1498536684627485 -1.8625481020349159 -0.097920168846437047
0.48178640655180827 0.087782762994875196 -1.6842874483383037
-1.1037449984099328 -1.7421274568679359 0.47083534763581592
1.9381908372685541 -1.2359769597073762 -2.3749485704601012
1.6055403926512013 -0.94933775734679982 1.4583281986161341
3.6385706248879659 -1.837915249279519 -1.3950991641105044
1.517021929034144 -3.6273917070190187 2.6550305002271357
2.4060631126447207 -1.1341884560826543 0.71922640755641876
2.122136704237541 -2.3736515178823439 -1.0291718303345523
1.294544267370374 0.63456817884771555 -2.7175987688724006
4.9800438692420972 -2.4393462188930188 -0.38748917974200714
4.0326616902342201 -2.0501865421618288 -0.080319597679940694
2.5405209400121445 -0.57142218631291153 1.7559910010149604
2.3963956139981581 2.1096802868637026 -0.31568230617949439
1.2085186102396168 -3.2526130599598688 -2.0336899741829866
-0.31810577865435352 0.57804020939410239 1.3326033132444299
1.5488759543365345 2.6882317335852854 -0.22358385232015049
-0.62809938185551184 0.30715432972678292 2.2774747179956001
1.1973265453645594 -2.314812789087298 -0.4424103315243888
3.9333325450570813 -1.9310803461823078 1.9289117655740342
4.8693322989571266 1.8111567412430016 -3.0473171830355472
1.0687953478444228 2.2415792686397991 0.70565918282972728
2.8586316572583472 -1.5521016914717538 2.0295160188671915
3.6121773798740033 1.0216296007869095 0.61339730073428522
5.2052044221065898 -2.2935139065666523 -2.208574754899618
2.8758174640399021 0.88095539040010051 -2.8805163430657803
-0.61208260757699051 -0.013505204892446165 -1.3559494133626149
-0.19320816254520246 -1.5567668007691466 0.93623462164749438
2.7069660893999163 2.3823632483658503 1.8283470738895806
1.8495862080518819 1.7685685611850788 1.7834981154967291
-0.073634060263720436 -1.9786069629052991 1.9144340472277115
5.5853053920470161 0.84225614034571716 0.33149965408239135
2.9784231028879926 0.38425562068684593 1.2489468941694599
4.2402870203547618 -2.2823441856724913 -3.0417212899974553
4.3016708175749816 -2.4389620458855896 1.0450315724952237
0.72241389777088028 1.6328347419864244 -1.409187560997027
4.7628928885056308 -3.1431548166354437 -3.3031955515877831
2.1823131442637389 -0.45510935625335824 -0.80890688339756034
3.1216879259762793 0.10250242046092554 2.3301593358654444
1.7997016405884168 1.4733239398459395 0.3210152511735021
-0.616648289058916 0.04219666158801684 -0.29973916771215825
0.41183738137507264 1.0283106468873777 -2.318272467812879
0.68847003730660328 -1.4592218496891034 -0.88901737669179803
0.41044732827485597 0.067864761522700615 3.1128220039910972
3.2805566809015083 -2.4623759651977597 2.5412264077467657
4.0735998468168795 -2.760461158013904 -0.90717049230824576
-1.0111427895618763 1.5913849830619118 -0.010938921671253599
-0.4926277006234776 0.35746126997051453 -2.3575891949860259
3.9218523770909615 2.3343656279452181 -1.5526546046410759
1.5174403810406265 -0.42111891675487356 -1.7361792595900762
1.0945236200358157 1.2997515373889141 1.1854994378740955
2.3550446367796782 0.26506732673713046 -1.646969344507704
1.6180427818581542 -0.71226548916859422 0.046573328751764342
3.6411002417938265 0.96191328697744849 1.8243390295708175
5.91164247810962 -0.47527672734984883 1.3190108124632198
3.5034865499816039 0.3186784092904994 -1.4808240805077215
3.1076705525210526 -3.3020690001122279 -2.3273235100203591
0.29810776100099612 2.175872373140058 -2.2410809880479694
-1.0783651717112628 -1.633970591468372 1.5696130816705167
2.7503511120446738 -1.4003427331540002 -0.87817825350990675
1.7590146706820073 1.5546442737567412 -1.0160974808514556
0.57523338880406882 3.7059381044832502 1.0834375945696144
0.1769148139825778 -2.8007874631603742 -1.8365741497491874
0.74999594282224646 0.7729116470235543 -0.79734964649866402
0.099270170830118021 -2.5250501546222708 -0.76356833352590414
2.4594484270750541 2.9028161052648627 -3.1556972545233823
4.897886225766328 -0.33166634361795089 2.9609793898456482
3.4885455987841008 0.50884393479526135 -0.38787910356098038
3.4954342172396102 3.0372106783917352 1.5466631011883545
1.1152636338147781 -2.3017203447742922 -1.5026698461263268
2.6217698424869678 -1.8114488757468932 -1.8134016257209677
-1.3102374148345355 0.76244172082045614 -2.9848034092882565
0.67227865936742548 0.32621374548850118 1.0363901560497271
4.2259152925591703 2.1199749724821411 -0.54940026465983549
0.70467982585728017 3.2090861558025017 2.0038327329971288
0.066194204921350863 -0.62641448221074769 -0.79107407501084703
3.2832257626526973 -0.58988459027688844 0.966348770586962
0.93942894811986499 -1.346057309481691 -1.9461673674018625
4.2301408473740008 -3.0589771086739859 0.14483595111926612
3.7760680101005217 0.67259052007974218 -2.4410066229315994
0.42554969130369713 -0.98483785201779428 -2.7623834497070838
4.0338424913400619 -1.1672974678838706 -0.65672653119491575
3.2245641155304758 -1.3154195960765072 0.045639715312682794
0.60885618072011138 1.7468216545337032 -3.1703778121768385
4.5605932047136504 0.50826355102733234 -1.7808244165495291
1.5002529964061817 0.054717198126094865 1.7254580391447127
-0.54969758251806056 1.4835150115001456 -2.1896334022874067
0.61959622670927761 -1.3020721696222446 1.5408110603660565
-0.63182165752542963 -2.5612450717982642 1.2089121186826937
1.6399038809537094 2.8201833190900913 1.6212557839539101
0.44619897728691771 0.09285889121423635 -0.037793844980587216
0.17837590436693063 2.7040691777736567 1.1146407573102857
2.8961544250644797 2.1238837365201362 -1.271803912715789
3.8882676043552999 -0.39758451746539791 0.096531776480881404
3.0014286130621834 -0.056786165284619744 -2.4178464160668756
-0.10882851441787356 -0.80199262125326998 -1.8545847098175725
5.0308317955933823 -0.067607779669239088 0.76309652587540433
3.2952019656300253 1.6054478155177956 -2.1412378641056162
-0.087444304830489372 1.4632968923206742 -0.54695964078279258
-0.62571057539204666 -1.265747652773922 -2.6770474828320965
-0.93773911567688772 -0.96791619596824385 -1.0529997694682143
-0.14680127275260935 0.9178582760484455 -1.4168920255873809
1.7114830127801981 -1.3653724034315777 -1.1446880673047337
-1.2661757667077334 -0.58516631212493286 -2.003903510214708
-0.24515145704046271 -3.0809585325945021 3.1433978541928664
-0.84573642164222784 -2.9244371886203506 -1.3056261258524222
4.3668706454746635 -1.5840750923166924 -2.2707571326588454
2.4769197958418605 -1.9765586557519406 3.0584753249873433
-0.14604822969998477 -1.7925385735252477 -1.4926731432184601
-0.17228688689712346 3.5432241465908181 0.2820687192346506
3.3809810941596785 -2.245743202539995 -2.3797452954325098
-0.086187942037182053 2.3015480051662327 -1.2426298604936243
0.91947767524601698 1.8637240668576334 -0.38510687215303763
3.8446121210208646 -0.38333331538179105 -2.955811658116188
-1.388683801749695 -3.2620748338692711 1.6550297151520277
4.1362401576039058 1.9090192346437878 0.51255763983225622
1.6257766348142435 -2.5127260111921452 2.5118094520842589
0.32228551283000795 1.2250009797311381 1.8914166375094035
3.8355732839768573 1.5043027574517855 2.7689422533145605
2.8814624682197238 1.5135967590239494 1.2248033164397178
3.5872679529579763 2.5038909432576486 2.4431602768567315
3.8137489492178016 1.9844482330759443 1.5313546925909207
0.79208451603605656 -1.8086751954374209 2.5205398636115004
0.82149026688572713 -0.672955928760264 0.69832365945963404
-0.02247447157630722 1.9531609761578668 0.37490870985808411
4.0706279871954489 2.4101375761625552 -2.6192163198793019
4.6561432091735213 1.0362329471813201 0.97062225998899776
2.8403779010159109 1.9156115331273957 -3.1036401402039093
0.80319685717688527 2.1644964864035887 1.8287186160572411
3.7220728097642173 -0.80666516768841989 1.9539824286148622
4.4496980368249019 0.51435715642836388 0.078453664584708982
0.62429494196722457 1.1177336783661085 0.26671592403219951
3.5887073276333767 -0.9120118225262186 -2.0061528232347952
4.3494977945471014 -0.11815981392746949 -0.88094248341003056
2.8273127047254345 1.064890767914368 -1.1047020236266998
1.3711597786054628 0.72898172400466343 -1.6672669974987699
1.9493058501974805 1.3797358139380322 2.9179910798254918
3.3235387736445725 -3.3319383141798791 -0.37932965233133387
-0.16653141727663989 -0.6673866143977577 2.4198684467640561
1.4141510747577222 -0.4286166294039454 -2.7850142841390606
3.2798223925278749 -0.4941350743180335 -0.90087820241014016
-1.1434670173250931 -0.82206929210094581 -0.007320354919647637
0.22043846480798424 -2.0118103261426077 -2.5640286578992768
2.0288663679974142 0.85467285960577322 1.2012711258007616
0.95388643350100377 -0.72400918494539834 2.3305171965086324
-0.70275667798110808 -2.1464638917443644 2.7148652503849733
-1.7207879979645058 0.15730549749532291 2.1824999932402709
2.5896847771285776 1.0597269748292057 2.1153111814181491
-1.4266452123328164 -1.2755567456811099 -3.4144178793780053
4.3354323621641218 -0.87011079287871818 0.99187129263236629
4.9417736238281673 1.8409935569327298 -1.2668952513450471
3.0831920521346827 -2.7891009947124057 -1.4086623676219123
5.03336610194195 -3.505108234896408 -2.1748416164813023
1.9333261220583893 2.5784606577883067 -1.2647544871498058
3.2057958612683333 2.3690806987978665 0.66369309053548553
1.5042709634208848 -2.0372711986585448 1.5914592683130311
3.6045673433827194 -1.6084327491779602 0.96903409933683826
4.0383712595044212 0.1609183890948904 1.1187017631541978
-0.13992465650701691 -0.74160378411470207 0.26821273342075225
2.4779097145479123 -2.5514354965356247 1.8736991061965536
4.7027931387561752 -1.9286222522987098 -1.281662575095788
0.48299538689046329 2.7745401927375064 -0.030375397998174458
4.2465382663208686 -2.6930519372291304 -1.9734161461668125
4.620282713799865 1.3218412460265152 1.9943725017588441
2.125667831829122 2.2607987027036787 -2.3653049635372185
2.0879259297121195 0.23252332278205767 2.6688444261826554
2.257678378630954 1.2893468883313806 -1.9886265690845715
-0.6089103540397347 2.5503367104723509 -0.33475314737654804
0.43716762438565815 0.19483355813386838 2.0687320891466467
-1.0683731135891041 0.87312799660805618 -0.81630253291029409
3.3458031083533974 -2.5561088689560183 0.57280590668567799
-0.26224202081154235 1.1090088315091244 -3.1425875144558417
4.9480090987331273 -0.55765702231815595 1.7762759218093498
2.1889277618641447 3.2698918687010652 -2.0897107684642808
1.2665306368101577 1.6638306953654223 -2.3075585999297914
1.8980654068614242 0.55522854428100032 -0.71327729885910673
2.5968310278306599 -0.75893491389859269 -1.7187727867770943
1.4826314191356016 -2.6946792368987227 0.65427386075067107
5.0391326913874437 2.4841069457747631 0.69957749287836779
-0.35724387976214533 -1.5769972114743889 -0.40903015877555132
1.4312342848594055 -1.6152992751657587 0.62887792600859982
1.4252452917388494 0.44667025594918397 0.28534907730375941
-0.33250282093827677 3.0114359168247971 2.1088246349766626
3.0834321481890949 -2.3049269937126611 -0.47050163333175693
-0.34221772078919299 1.9895030873248687 2.2167868132773054
0.53386867839685226 -1.5862169415657426 0.14152101402839934
4.2670518610443118 -1.1656524466868434 -1.4919613202123263
-0.08939976206402056 0.068237538248887397 0.63564142090574016
0.3154031032387683 2.536875567093952 -3.4830233143708647
2.9857579154761584 0.77967444128467833 -2.0046519059201362
1.6679624144742029 -2.9883252282276804 -2.7307562595911312
1.2230852248223907 -1.3038045526164992 3.1035714488199004
2.3406827653102198 1.2461075009153317 -0.39547635472778575
-0.044298553869273283 -1.5169106540538702 -3.3005081318754259
1.8335717486239047 -0.54146699428096545 2.3153484821678032
4.0930927846738996 -1.2540456394230703 0.25298426652638223
1.360359215907897 1.1115895043422133 -0.31077583920871299
0.79628255794417302 -0.42373821785131516 1.5299223840552234
3.2224654082731354 1.6979177033321526 2.108954457030598
2.3373583400811908 0.27400565240414415 1.8255353919609467
1.1743194612545935 0.12252271633430045 2.5488344616859049
0.57331637291901472 0.85434980042135911 2.724911317838818
-0.56908627250954735 2.4603615227981415 1.4914168712617077
2.6797881000318657 1.6605719532509928 0.395203630461052
2.7474009523841829 0.22897574443755644 -0.79476423926670192
-0.27854231046884825 -0.45225771642763635 -2.6634381348107352
2.1801386110818628 -0.36472699960175603 -2.3818345681930784
-1.2310476252136895 -1.6005516824334374 -0.43083883334432332
-0.84092258217218863 -1.3790358903027791 -1.840955845801467
2.4005049606823414 -1.0297168360003883 -0.16862473346022927
-0.77818004210017788 -0.92238343510861598 0.89154575387313395
2.0779701903947188 0.027239690011807677 -0.057192963816345338
-1.0762331738195208 -2.4547904424380333 1.9673343719411203
0.15511486724045165 -2.4498273968409285 2.6401808464896686
0.72684360466037279 -2.4275245518352895 0.2606319429457975
-1.0392404619677547 3.3356148914553421 0.45141532063653522
-1.1501284892235271 0.35230004394719372 1.5376463228853645
4.1276963869231409 1.2811682797616095 -0.21373633353967519
3.3780584063057257 0.20086068108823596 0.48342174037486152
-0.52510008311689216 1.1350989540850045 1.9905712073565742
2.8543209670799459 -1.2413488310376324 -2.4489965764611497
3.1469090474283989 3.8173179404778406 1.4515737155196955
-0.25244566776294475 1.9796372961761446 3.0910682025118414
2.5623859379560074 2.897751229127294 -0.72400138740799935
1.3581342679751471 -1.4725555251390345 -0.28721567402877884
4.0653550544914054 -2.7762432253340235 2.2075736638925028
-0.34521664330580126 -1.1777690665039144 1.7358325827297465
0.36973742095891837 1.8044107182344098 1.1522296571939916
0.69819596311849597 -0.71803700152063843 -1.40100797111649
4.0343395269598288 -3.3091173109291669 0.96141701448318639
-1.6251065223297516 2.1153568069496118 2.2736156171783155
2.7045553521955497 2.9847244818580299 1.0952795700685645
4.6443551616606547 1.8935254722351926 1.2673162268139864
0.064487891247335671 0.24753841114522296 -0.85226871767851253
-2.0157744131469157 -0.11580847659011079 -2.1045864631670428
0.69605807916488849 -0.77329009302633589 -0.18274483125171395
2.1453572981767204 0.5682818729959398 -2.4797619687032504
3.7113575731048556 0.64585761492030924 -3.3039591482129405
