0.43224425350000001 -1.9650326809000001 -0.1064134637
0.43999620379999999 -0.86259420710000001 -0.032180524500000002
1.3439329167 -0.25703871010000001 -0.33604135839999999
1.2509692038 -0.72989964139999997 -1.3366572054999999
-1.0063872926999999 0.0495213475 1.1963506678
-0.56580022610000003 -0.72952948250000005 -1.2144029592000001
-0.47197093839999998 1.0091465191 1.4244275919
-0.55894835840000001 1.676516831 0.4893898263
-1.4034443989000001 1.0178822315 0.80647123180000002
-0.068067855400000002 0.031761772000000001 1.8119367624
-1.1485663057 0.18658062519999999 -0.92958254600000001
-0.60469247329999998 -0.92171627710000004 1.5750053621
0.36101082099999998 1.6804519005 1.1135544524000001
0.29215816039999998 -0.66238028609999999 -1.9276101473
-0.29223841540000001 0.26349267939999999 -1.6535694149
-0.49624342919999997 -1.3810524022999999 -0.3030515896
-1.4121198166 0.1111207016 0.1566713844
-0.29773673639999998 1.7612359065000001 -0.5989559284
-1.1446355868 1.1018974248 -0.27736568560000002
0.36116231869999998 -1.3224412271999999 -1.0201352172
-1.0149390451 -0.85932290830000002 0.54015920569999998
0.4829188525 0.59033874180000001 1.0376399515000001
1.0607627313000001 -0.3323212559 0.75268768080000004
0.93106868089999995 0.72762798979999999 -0.75375376169999997
-0.47327239830000001 -0.29447342139999999 -0.22191557479999999
1.3212365409 -1.3652485240000001 -0.41879772040000002
0.51307924599999999 -0.90661515290000005 1.5243396193000001
0.3981678957 1.2609832670000001 0.095859951400000004
-0.87466014290000005 1.1763814340000001 -1.360013221
-0.069530451600000001 -0.35368340209999999 0.7933414647
0.23973367900000001 1.2398853780000001 -1.4539459437
1.0344656914000001 -1.4355863366999999 0.67741962
1.3572543849000001 0.6920621468 0.31867347779999999
0.37610015600000002 -0.2198377393 -0.93103190749999998
-0.20337234779999999 0.6747148932 -0.64105383540000005
-0.45728299750000001 0.5995996952 0.41983147030000001
0.45196232320000002 0.19535631270000001 0.045350812900000002
-0.084314843299999997 -1.4477841412000001 0.73736746980000001
