1.2361056863 0.23494499720000001 0.45530603159999999
0.40939723659999999 -1.5042394599 -0.51207794019999997
2.0860058197 -0.2910804407 -0.0030674964
1.2066666419000001 -0.1280938656 -0.64577994599999999
-0.68125113500000001 0.48174516080000002 1.3666320998999999
-0.66083248419999996 -1.1769362011 -0.59500439910000003
0.3554069876 0.85072117749999998 1.6066190182
-0.36659225340000001 1.508420834 1.0459633867
-1.3942046844 1.1316996747000001 0.80449887860000002
1.0666565433999999 -0.035516408300000003 1.5104196525
-1.3546036179000001 -0.29762560049999998 -0.50262720999999999
-0.74845844930000005 -0.43809642939999999 -1.4325786851
1.4856036464 -0.79702581120000004 0.79038452770000001
-0.052189511299999998 -1.3146138017 -1.514740773
0.27849182810000001 -0.31147567259999998 -1.8858685223
-1.2627904557 -1.0386597759 0.3295589726
-1.3312908949 0.047019825100000003 0.56689161269999999
-0.83501044989999995 1.7120552658999999 0.032026403600000003
-1.4261002394 0.78988608339999999 -0.2611435346
1.4565565743 -1.1604725422 -0.30125914120000002
-0.61519855869999995 -0.60709188940000003 1.1271931335000001
0.53757477229999995 1.1125541637 0.54674380020000002
0.45438739099999997 -0.92993798620000001 1.2107011623999999
0.48174426539999998 0.54231950159999998 -1.2078921275000001
-0.43651844109999999 -0.346785124 0.079560438900000002
0.99729741630000002 -0.98125939370000004 -1.3129104613
-0.1946164078 -1.3599926011000001 0.4114604141
0.076138985500000006 1.3113385531999999 -0.462322222
-1.4409828069999999 0.44627610839999998 -1.3308785767
0.20182392660000001 0.078412525299999994 0.85838747280000005
-0.8744337365 1.3753215824 -1.0334661468999999
0.034584889000000001 -0.17411802139999999 1.9207514412
1.1792267432000001 0.98189427760000003 -0.39984604880000002
0.16100873860000001 -0.48178118469999998 -0.82100459780000001
-0.51820373539999998 0.3852810445 -0.746394738
-0.49661644329999999 0.71819958760000002 0.30858865870000002
0.36990991569999998 0.32622094419999997 -0.1626999714
0.61530629810000004 -0.65950909489999998 0.15987543100000001
